0.2005549669265747 
0.07506008446216583 
0.035183556377887726 
0.3315281271934509 
0.23455026745796204 
0.16306407749652863 
0.25560852885246277 
0.35145103931427 
0.2794659733772278 
0.3390498161315918 
0.2512163519859314 
0.26941192150115967 
0.26621562242507935 
0.2693830132484436 
0.27301937341690063 
0.2831591069698334 
0.2827988862991333 
0.297445148229599 
0.27194106578826904 
0.2681500315666199 
0.2689497470855713 
0.2616795301437378 
0.26758772134780884 
0.28477323055267334 
0.23318266868591309 
0.2692241370677948 
0.2340165674686432 
0.23207926750183105 
0.23394955694675446 
0.20581145584583282 
0.2504201829433441 
0.20724795758724213 
0.20388363301753998 
0.2385854870080948 
0.24560979008674622 
0.20979198813438416 
0.19656388461589813 
0.22803321480751038 
0.28456422686576843 
0.18731099367141724 
0.18078747391700745 
0.37787961959838867 
0.2520950734615326 
0.2660139799118042 
0.25954627990722656 
0.27749505639076233 
0.2640964686870575 
0.2595547139644623 
0.2516787052154541 
0.23383867740631104 
0.21826039254665375 
0.23027774691581726 
0.22393308579921722 
0.29929065704345703 
0.24383871257305145 
0.3223051428794861 
0.2447788417339325 
0.2762099802494049 
0.26482653617858887 
0.24759316444396973 
0.29138463735580444 
0.20802250504493713 
0.277349054813385 
0.2163497358560562 
0.23966912925243378 
0.2329494059085846 
0.2244311273097992 
0.2648579776287079 
0.233980193734169 
0.2294706404209137 
0.2509574890136719 
0.26666590571403503 
0.24202296137809753 
0.27380043268203735 
0.22498378157615662 
0.22869126498699188 
0.25409573316574097 
0.20710189640522003 
0.2374412566423416 
0.2091364860534668 
0.26257649064064026 
0.22685277462005615 
0.21776941418647766 
0.2147519290447235 
0.16885270178318024 
0.2072238177061081 
0.20625969767570496 
0.23283562064170837 
0.23095577955245972 
0.20408393442630768 
0.23137475550174713 
0.1716509461402893 
0.1880338490009308 
0.2323535531759262 
0.1603715717792511 
0.21241894364356995 
0.22282327711582184 
0.22098803520202637 
0.1818116158246994 
0.18339228630065918 
0.2095148265361786 
0.2060433030128479 
0.17829284071922302 
0.19402655959129333 
0.20396341383457184 
0.19462737441062927 
0.20287317037582397 
0.2420034110546112 
0.21600332856178284 
0.20828229188919067 
0.2238190472126007 
0.1935501992702484 
0.18370375037193298 
0.1543048620223999 
0.23162804543972015 
0.20829907059669495 
0.17618367075920105 
0.16658532619476318 
0.14021824300289154 
0.17483708262443542 
0.18021118640899658 
0.19242480397224426 
0.1729712188243866 
0.18388503789901733 
0.18347854912281036 
0.18181318044662476 
0.2382725030183792 
0.24724599719047546 
0.16317984461784363 
0.18591588735580444 
0.18796604871749878 
0.22183257341384888 
0.17796199023723602 
0.1820804923772812 
0.19312584400177002 
0.18367068469524384 
0.1580207347869873 
0.1523323804140091 
0.24355214834213257 
0.15955495834350586 
0.13932117819786072 
0.15705060958862305 
0.22056081891059875 
0.20735788345336914 
0.18778550624847412 
0.1883801817893982 
0.14594005048274994 
0.15585559606552124 
0.2565687596797943 
0.18442299962043762 
0.16797813773155212 
0.17967985570430756 
0.16687436401844025 
0.18043451011180878 
0.16708943247795105 
0.16789790987968445 
0.12476514279842377 
0.18172769248485565 
0.15383872389793396 
0.17504866421222687 
0.22482328116893768 
0.15779444575309753 
0.1686086654663086 
0.17546197772026062 
0.14871053397655487 
0.12269952893257141 
0.19725419580936432 
0.27348989248275757 
0.18566066026687622 
0.15163686871528625 
0.20427313446998596 
0.20185600221157074 
0.14541669189929962 
0.18031534552574158 
0.1733110249042511 
0.19458425045013428 
0.1291472166776657 
0.14828552305698395 
0.19169184565544128 
0.15965591371059418 
0.19337505102157593 
0.1707506775856018 
0.1483030617237091 
0.1600530743598938 
0.19058285653591156 
0.18361137807369232 
0.13045188784599304 
0.15242277085781097 
0.1657658815383911 
0.2439158707857132 
0.16505073010921478 
0.1524280607700348 
0.1375751793384552 
0.15626074373722076 
0.13158103823661804 
0.15478980541229248 
0.1671256124973297 
0.15039831399917603 
0.1381223201751709 
0.14182785153388977 
0.1818920522928238 
0.13589634001255035 
0.19814763963222504 
0.16329240798950195 
0.1541507989168167 
0.17425431311130524 
0.20175425708293915 
0.1308460533618927 
0.1443847417831421 
0.18907032907009125 
0.21254941821098328 
0.14942185580730438 
0.13562366366386414 
0.1374461054801941 
0.1855546534061432 
0.14042480289936066 
0.17408517003059387 
0.12226058542728424 
0.17818817496299744 
0.24078106880187988 
0.16668865084648132 
0.13572372496128082 
0.11661483347415924 
0.20025336742401123 
0.20414215326309204 
0.1847357451915741 
0.15395347774028778 
0.14937350153923035 
0.19060871005058289 
0.16218431293964386 
0.13966543972492218 
0.17744626104831696 
0.17817218601703644 
0.15504220128059387 
0.132221519947052 
0.18290209770202637 
0.13546445965766907 
0.174176886677742 
0.14867638051509857 
0.14392858743667603 
0.15461085736751556 
0.11702844500541687 
0.20631223917007446 
0.1461544930934906 
0.17537528276443481 
0.13662996888160706 
0.13002169132232666 
0.1785353422164917 
0.11819774657487869 
0.17746084928512573 
0.13150975108146667 
0.12762954831123352 
0.14422613382339478 
0.12603846192359924 
0.15697869658470154 
0.1689145565032959 
0.1443670243024826 
0.1360800564289093 
0.1482449322938919 
0.11878201365470886 
0.13594722747802734 
0.13131055235862732 
0.16422799229621887 
0.14775040745735168 
0.1039649248123169 
0.15575727820396423 
0.12311714142560959 
0.11589184403419495 
0.14551234245300293 
0.1553695648908615 
0.15246236324310303 
0.12616072595119476 
0.11659327149391174 
0.1397896409034729 
0.10520843416452408 
0.12243007123470306 
0.19817352294921875 
0.1561196744441986 
0.10390599071979523 
0.13437438011169434 
0.14929156005382538 
0.159232497215271 
0.11874102056026459 
0.16617390513420105 
0.15018807351589203 
0.14680854976177216 
0.1589423269033432 
0.1539911925792694 
0.14379547536373138 
0.11625950783491135 
0.17439162731170654 
0.1991264671087265 
0.13529330492019653 
0.1346152424812317 
0.17619872093200684 
0.1677987277507782 
0.15144719183444977 
0.1561279147863388 
0.10841000080108643 
0.09073388576507568 
0.13800868391990662 
0.09984119236469269 
0.16068533062934875 
0.13683493435382843 
0.14516285061836243 
0.11298376321792603 
0.10606945306062698 
0.12891724705696106 
0.16079658269882202 
0.1313493251800537 
0.1275564581155777 
0.1430729627609253 
0.15044330060482025 
0.12101206183433533 
0.1524687260389328 
0.12936437129974365 
0.18465706706047058 
0.13106434047222137 
0.15717384219169617 
0.1435428410768509 
0.14046695828437805 
0.16523081064224243 
0.10984602570533752 
0.15040943026542664 
0.16458308696746826 
0.10122213512659073 
0.12608127295970917 
0.16302385926246643 
0.10085321962833405 
0.10361607372760773 
0.18799343705177307 
0.11338336765766144 
0.16340325772762299 
0.12283874303102493 
0.14339792728424072 
0.09970497339963913 
0.1651916801929474 
0.11637600511312485 
0.17786651849746704 
0.13780082762241364 
0.15055103600025177 
0.13213571906089783 
0.12653419375419617 
0.18298284709453583 
0.12071561068296432 
0.16053277254104614 
0.1106286495923996 
0.08827366679906845 
0.17628979682922363 
0.12831470370292664 
0.15417945384979248 
0.17481660842895508 
0.1179986298084259 
0.14147880673408508 
0.14998944103717804 
0.13843846321105957 
0.12829411029815674 
0.21213692426681519 
0.19230392575263977 
0.15190117061138153 
0.1500329077243805 
0.12620693445205688 
0.10496555268764496 
0.16242198646068573 
0.13842345774173737 
0.1555738002061844 
0.15764139592647552 
0.14513780176639557 
0.160600483417511 
0.20576690137386322 
0.149927020072937 
0.13202941417694092 
0.17674550414085388 
0.12773746252059937 
0.14676663279533386 
0.14012695848941803 
0.12146162986755371 
0.12463685125112534 
0.13251924514770508 
0.15467271208763123 
0.12739545106887817 
0.1542176753282547 
0.13576480746269226 
0.1626007854938507 
0.1629059612751007 
0.1047106683254242 
0.11461466550827026 
0.15170761942863464 
0.14330428838729858 
0.12819808721542358 
0.1524014174938202 
0.1285262405872345 
0.13091623783111572 
0.12455344200134277 
0.12288518995046616 
0.16752630472183228 
0.15419337153434753 
0.13817515969276428 
0.11443747580051422 
0.17508628964424133 
0.10885575413703918 
0.10435135662555695 
0.15801388025283813 
0.13585197925567627 
0.15158697962760925 
0.17120715975761414 
0.1510707139968872 
0.13514982163906097 
0.12631827592849731 
0.15707404911518097 
0.14506344497203827 
0.10827161371707916 
0.13806891441345215 
0.1168617457151413 
0.13203410804271698 
0.12032650411128998 
0.11086101084947586 
0.11848089843988419 
0.10512201488018036 
0.08678214997053146 
0.10218574106693268 
0.13883286714553833 
0.11939916759729385 
0.11859346926212311 
0.09951765835285187 
0.11407642066478729 
0.11463330686092377 
0.13051259517669678 
0.12090367078781128 
0.13321185111999512 
0.12190406024456024 
0.10668271034955978 
0.09983522444963455 
0.12790915369987488 
0.1367029994726181 
0.1220891922712326 
0.11085406690835953 
0.10592389106750488 
0.12930162250995636 
0.09477245807647705 
0.10556285828351974 
0.10717951506376266 
0.10864170640707016 
0.09219321608543396 
0.10324335098266602 
0.05990862846374512 
0.11065007001161575 
0.09024255722761154 
0.08945553004741669 
0.08126501739025116 
0.08795159310102463 
0.08219802379608154 
0.0949971005320549 
0.07996263355016708 
0.07240545004606247 
0.13185159862041473 
0.11996018886566162 
0.08706759661436081 
0.12054464221000671 
0.110357865691185 
0.09448904544115067 
0.09944771975278854 
0.13569219410419464 
0.1177518293261528 
0.11069067567586899 
0.14128267765045166 
0.16399618983268738 
0.15009641647338867 
0.1303451806306839 
0.09880989789962769 
0.11025938391685486 
0.09796127676963806 
0.09776553511619568 
0.10352041572332382 
0.09099502861499786 
0.12653709948062897 
0.12062233686447144 
0.13291576504707336 
0.10731756687164307 
0.10130956023931503 
0.11509303748607635 
0.11502617597579956 
0.09593401849269867 
0.10027679800987244 
0.10026192665100098 
0.09874742478132248 
0.11907661706209183 
0.1051427498459816 
0.1502530574798584 
0.1076250672340393 
0.08632272481918335 
0.09098517894744873 
0.11820626258850098 
0.1337614506483078 
0.12771233916282654 
0.11346861720085144 
0.12171357870101929 
0.1385503113269806 
0.13859885931015015 
0.16189447045326233 
0.1284099668264389 
0.1264740526676178 
0.13871750235557556 
0.11154256761074066 
0.10605105012655258 
0.12435311824083328 
0.12628962099552155 
0.1391366720199585 
0.09744368493556976 
0.10222779959440231 
0.14187578856945038 
0.12335681170225143 
0.11668974906206131 
0.11621084809303284 
0.18117183446884155 
0.09602854400873184 
0.11251867562532425 
0.13698896765708923 
0.10973993688821793 
0.1261710226535797 
0.14836034178733826 
0.09761209785938263 
0.1433599293231964 
0.12637203931808472 
0.11959241330623627 
0.11809922009706497 
0.1268904209136963 
0.11614838242530823 
0.14751920104026794 
0.1385536789894104 
0.13230250775814056 
0.10211621224880219 
0.1547931283712387 
0.12137652188539505 
0.14366239309310913 
0.14489991962909698 
0.15662574768066406 
0.15173998475074768 
0.10745545476675034 
0.14758747816085815 
0.134999617934227 
0.12435765564441681 
0.13669705390930176 
0.12903232872486115 
0.1280730664730072 
0.13871631026268005 
0.16862457990646362 
0.18153396248817444 
0.17201438546180725 
0.16138149797916412 
0.13603152334690094 
0.19900618493556976 
0.14520268142223358 
0.15335741639137268 
0.16386261582374573 
0.15548813343048096 
0.15596505999565125 
0.15264901518821716 
0.14690974354743958 
0.19318553805351257 
0.12532086670398712 
0.19050773978233337 
0.14582496881484985 
0.1527222841978073 
0.15014716982841492 
0.17406293749809265 
0.18286415934562683 
0.16797330975532532 
0.16990111768245697 
0.20056134462356567 
0.19497840106487274 
0.16487111151218414 
0.19499337673187256 
0.1757335662841797 
0.18758583068847656 
0.1609944999217987 
0.14072494208812714 
0.1596566140651703 
0.17042750120162964 
0.13481101393699646 
0.17240579426288605 
0.15140652656555176 
0.15020498633384705 
0.15623483061790466 
0.19424203038215637 
0.19040057063102722 
0.19263942539691925 
0.20624364912509918 
0.15347334742546082 
0.14943870902061462 
0.191155344247818 
0.1630721390247345 
0.1728573739528656 
0.1669604480266571 
0.19026708602905273 
0.1975194215774536 
0.1846475899219513 
0.187526673078537 
0.18672972917556763 
0.1769726574420929 
0.14027109742164612 
0.13941408693790436 
0.18724367022514343 
0.18198877573013306 
0.15861564874649048 
0.17956553399562836 
0.1772022545337677 
0.18657708168029785 
0.18223252892494202 
0.19979800283908844 
0.168474942445755 
0.19775459170341492 
0.17053808271884918 
0.15657225251197815 
0.17522640526294708 
0.16402576863765717 
0.2031891793012619 
0.21488875150680542 
0.18967095017433167 
0.17621199786663055 
0.20003440976142883 
0.17434385418891907 
0.1957385390996933 
0.22884342074394226 
0.18978632986545563 
0.18641117215156555 
0.20718273520469666 
0.1872611790895462 
0.18382957577705383 
0.17673280835151672 
0.19695672392845154 
0.22200053930282593 
0.22801904380321503 
0.21232715249061584 
0.1983923763036728 
0.20591527223587036 
0.21940861642360687 
0.1838235706090927 
0.18136486411094666 
0.17910413444042206 
0.18623358011245728 
0.20818442106246948 
0.23112434148788452 
0.19261744618415833 
0.19377826154232025 
0.23059290647506714 
0.2069454789161682 
0.19310203194618225 
0.20117102563381195 
0.20971596240997314 
0.22385844588279724 
0.17905789613723755 
0.22424203157424927 
0.19707539677619934 
0.19723103940486908 
0.18277844786643982 
0.20212166011333466 
0.18862786889076233 
0.23029951751232147 
0.17606805264949799 
0.21969689428806305 
0.20986680686473846 
0.1999967098236084 
0.21365289390087128 
0.20831653475761414 
0.19925495982170105 
0.1965949535369873 
0.23942068219184875 
0.184145987033844 
0.19555068016052246 
0.195183664560318 
0.20048105716705322 
0.17641979455947876 
0.18983972072601318 
0.231987863779068 
0.2565659284591675 
0.20323185622692108 
0.20057660341262817 
0.24374355375766754 
0.22269658744335175 
0.2013205587863922 
0.19718101620674133 
0.19273822009563446 
0.22123880684375763 
0.1879647821187973 
0.20224757492542267 
0.20883803069591522 
0.2268144190311432 
0.19026494026184082 
0.21715697646141052 
0.24494534730911255 
0.2056606113910675 
0.24230767786502838 
0.23910225927829742 
0.21988892555236816 
0.21866410970687866 
0.20997953414916992 
0.206117182970047 
0.223769873380661 
0.19543838500976562 
0.2263786792755127 
0.19709214568138123 
0.24019907414913177 
0.20681102573871613 
0.20997944474220276 
0.22157323360443115 
0.24302737414836884 
0.18031339347362518 
0.22156552970409393 
0.2124003916978836 
0.19170980155467987 
0.21274442970752716 
0.2130432426929474 
0.19827872514724731 
0.21560509502887726 
0.2005801945924759 
0.17836055159568787 
0.19522054493427277 
0.22301773726940155 
0.2087734341621399 
0.17237842082977295 
0.21743494272232056 
0.21328036487102509 
0.2017408162355423 
0.20573152601718903 
0.18613165616989136 
0.2225547879934311 
0.24015730619430542 
0.22268173098564148 
0.2326538860797882 
0.23006436228752136 
0.21703317761421204 
0.2077392339706421 
0.19895465672016144 
0.1983020156621933 
0.1990489959716797 
0.2126120626926422 
0.21785008907318115 
0.19163596630096436 
0.19927993416786194 
0.20496171712875366 
0.1981729418039322 
0.1884038746356964 
0.19697251915931702 
0.20015224814414978 
0.1688479483127594 
0.21625450253486633 
0.2062203586101532 
0.20947995781898499 
0.2126728892326355 
0.23216769099235535 
0.18712657690048218 
0.2270956039428711 
0.18732936680316925 
0.230482816696167 
0.19827181100845337 
0.2254706621170044 
0.20282378792762756 
0.21775029599666595 
0.18558675050735474 
0.2106315791606903 
0.20752549171447754 
0.1751963198184967 
0.2098647654056549 
0.2075403928756714 
0.18741793930530548 
0.17819121479988098 
0.20782488584518433 
0.19787055253982544 
0.2143290638923645 
0.18388798832893372 
0.1638117879629135 
0.1599959433078766 
0.21898412704467773 
0.21554017066955566 
0.23400840163230896 
0.1879955530166626 
0.19174443185329437 
0.20571748912334442 
0.21218326687812805 
0.18532371520996094 
0.2003224492073059 
0.1822768896818161 
0.1883716583251953 
0.19944952428340912 
0.16265399754047394 
0.24102352559566498 
0.16783595085144043 
0.18306158483028412 
0.16685625910758972 
0.18458443880081177 
0.1998511254787445 
0.20824605226516724 
0.16700580716133118 
0.18307825922966003 
0.17454642057418823 
0.16294428706169128 
0.1994137316942215 
0.15224534273147583 
0.18839427828788757 
0.14257456362247467 
0.15918108820915222 
0.20395612716674805 
0.17267870903015137 
0.19611616432666779 
0.18059176206588745 
0.18911060690879822 
0.1818467080593109 
0.16856524348258972 
0.17542694509029388 
0.17448952794075012 
0.16931581497192383 
0.1996936798095703 
0.18708336353302002 
0.15673038363456726 
0.15528073906898499 
0.161798357963562 
0.15523724257946014 
0.1916521042585373 
0.19766759872436523 
0.16135890781879425 
0.1799725890159607 
0.17823301255702972 
0.14575469493865967 
0.17625275254249573 
0.15978845953941345 
0.1788019835948944 
0.16717953979969025 
0.16953209042549133 
0.11551763117313385 
0.15720035135746002 
0.1613653004169464 
0.15723687410354614 
0.16983357071876526 
0.15774036943912506 
0.1806734800338745 
0.11425986140966415 
0.15393176674842834 
0.16302774846553802 
0.16049450635910034 
0.14961592853069305 
0.1707850843667984 
0.1730477660894394 
0.13273318111896515 
0.13628271222114563 
0.14711615443229675 
0.16296885907649994 
0.17375454306602478 
0.16262370347976685 
0.15711504220962524 
0.12570244073867798 
0.13672509789466858 
0.1518334001302719 
0.12149738520383835 
0.15276698768138885 
0.1620020568370819 
0.14841854572296143 
0.15240147709846497 
0.1587817668914795 
0.13983798027038574 
0.16527974605560303 
0.16088297963142395 
0.13692256808280945 
0.1274631917476654 
0.15895095467567444 
0.14336445927619934 
0.15509285032749176 
0.12834618985652924 
0.17129534482955933 
0.14381200075149536 
0.14124898612499237 
0.16234304010868073 
0.16168539226055145 
0.16702388226985931 
0.1558557152748108 
0.12023793905973434 
0.13976529240608215 
0.15288513898849487 
0.12665928900241852 
0.11965467780828476 
0.14054259657859802 
0.16554000973701477 
0.12171289324760437 
0.14518579840660095 
0.08528845012187958 
0.09973806887865067 
0.10850696265697479 
0.11201301962137222 
0.12880870699882507 
0.12418492883443832 
0.10160374641418457 
0.13723783195018768 
0.11896459758281708 
0.10631030052900314 
0.1349768340587616 
0.12746857106685638 
0.12558981776237488 
0.12530480325222015 
0.13122312724590302 
0.11113303899765015 
0.1339103728532791 
0.12669509649276733 
0.11544572561979294 
0.14094144105911255 
0.11254488676786423 
0.09620843827724457 
0.11011598259210587 
0.08567873388528824 
0.08166009187698364 
0.11179810762405396 
0.10064844787120819 
0.06869294494390488 
0.11035551130771637 
0.10449206829071045 
0.12291152775287628 
0.11434489488601685 
0.13454268872737885 
0.10960768908262253 
0.1215331107378006 
0.12951236963272095 
0.10173633694648743 
0.14443424344062805 
0.09220920503139496 
0.10519549250602722 
0.10717958211898804 
0.08812838792800903 
0.1122720018029213 
0.13984595239162445 
0.10886035859584808 
0.10882300138473511 
0.09436678886413574 
0.1386002004146576 
0.09577944874763489 
0.09545999765396118 
0.10511000454425812 
0.14676804840564728 
0.10581003129482269 
0.12011241912841797 
0.12405857443809509 
0.13662029802799225 
0.0959591343998909 
0.12698346376419067 
0.10036912560462952 
0.06798849999904633 
0.10225073993206024 
0.109190933406353 
0.10292933881282806 
0.07784607261419296 
0.08317182213068008 
0.10246725380420685 
0.09253673255443573 
0.07313989102840424 
0.08236254751682281 
0.10335191339254379 
0.06616531312465668 
0.07180590182542801 
0.11069488525390625 
0.12225766479969025 
0.09897342324256897 
0.10433144122362137 
0.10856244713068008 
0.10258248448371887 
0.1079428493976593 
0.0999530702829361 
0.10858184844255447 
0.10916502773761749 
0.07574022561311722 
0.1200583279132843 
0.059425968676805496 
0.09242585301399231 
0.08344131708145142 
0.09431050717830658 
0.08773381263017654 
0.0564829558134079 
0.07331505417823792 
0.0706275999546051 
0.08813977241516113 
0.10250362753868103 
0.0820007175207138 
0.05932449921965599 
0.05586470663547516 
0.07416021823883057 
0.05331512168049812 
0.12484462559223175 
0.12699325382709503 
0.09295651316642761 
0.09112782776355743 
0.08021457493305206 
0.09785826504230499 
0.06804589927196503 
0.06882014870643616 
0.09440284967422485 
0.06235410273075104 
0.0570831373333931 
0.0990794226527214 
0.08251357078552246 
0.052461832761764526 
0.10249849408864975 
0.07266806066036224 
0.09977661073207855 
0.08202704787254333 
0.07373775541782379 
0.07291808724403381 
0.062044695019721985 
0.09612426161766052 
0.08888522535562515 
0.06296536326408386 
0.10339612513780594 
0.06025323644280434 
0.08179023861885071 
0.061518944799900055 
0.06016220897436142 
0.06843642890453339 
0.053709566593170166 
0.041581496596336365 
0.05564655363559723 
0.07104530930519104 
0.09751144051551819 
0.0803862139582634 
0.08086109906435013 
0.085968978703022 
0.09424680471420288 
0.09584417194128036 
0.071891650557518 
0.06920376420021057 
0.08205339312553406 
0.09853056818246841 
0.04725688323378563 
0.05624423921108246 
0.057078778743743896 
0.08082409203052521 
0.0531994104385376 
0.05735178664326668 
0.044192418456077576 
0.05490551143884659 
0.03123006597161293 
0.08001811057329178 
0.06092256307601929 
0.046232569962739944 
0.07579360902309418 
0.06413155794143677 
0.04607808589935303 
0.05433502793312073 
0.061094991862773895 
0.02813507430255413 
0.061713144183158875 
0.04470432549715042 
0.06733568012714386 
0.052150752395391464 
0.07472557574510574 
0.05593214929103851 
0.052197739481925964 
0.0717836320400238 
0.0720866471529007 
0.07500839233398438 
0.05031768977642059 
0.04571286961436272 
0.055735569447278976 
0.04537081718444824 
0.04092792421579361 
0.04369785636663437 
0.06729160249233246 
0.05162011459469795 
0.057988427579402924 
0.08385668694972992 
0.06865386664867401 
0.09140923619270325 
0.05699995532631874 
0.050843700766563416 
0.08446454256772995 
0.08335572481155396 
0.06330016255378723 
0.06353573501110077 
0.07438340038061142 
0.0493537113070488 
0.07061316072940826 
0.04624418541789055 
0.09156740456819534 
0.06771549582481384 
0.06795679032802582 
0.07785838842391968 
0.0689624696969986 
0.07034328579902649 
0.05110694095492363 
0.055823978036642075 
0.06711725890636444 
0.0753946527838707 
0.06503459811210632 
0.06026673689484596 
0.06544558703899384 
0.05990561842918396 
0.06156472861766815 
0.07878807932138443 
0.08538821339607239 
0.06826984137296677 
0.039445094764232635 
0.07579172402620316 
0.0714804083108902 
0.06234443932771683 
0.04899168759584427 
0.04857896268367767 
0.05781690031290054 
0.0501280352473259 
0.056879833340644836 
0.08559253811836243 
0.07032498717308044 
0.06788069009780884 
0.041799962520599365 
0.05547013133764267 
0.04057936742901802 
0.04223521053791046 
0.05130770802497864 
0.03982120007276535 
0.062124062329530716 
0.06754754483699799 
0.071810781955719 
0.06079956516623497 
0.06113554537296295 
0.056179601699113846 
0.03734339028596878 
0.023290026932954788 
0.07982220500707626 
0.04333439841866493 
0.04948928579688072 
0.0475747175514698 
0.0396287702023983 
0.053304240107536316 
0.04156717658042908 
0.04473290964961052 
0.042533572763204575 
0.030901264399290085 
0.047358445823192596 
0.04581542685627937 
0.048895061016082764 
0.04373925179243088 
0.050090380012989044 
0.03485832363367081 
0.047764211893081665 
0.04464638978242874 
0.04640601575374603 
0.05587151274085045 
0.043669335544109344 
0.03715496137738228 
0.06888388097286224 
0.05219074338674545 
0.06620222330093384 
0.04358409345149994 
0.04538430646061897 
0.04502487555146217 
0.04781176894903183 
0.04537368565797806 
0.046163491904735565 
0.06710003316402435 
0.05561557412147522 
0.0339658223092556 
0.07819027453660965 
0.04508628696203232 
0.03546437621116638 
0.053313225507736206 
0.04707648232579231 
0.05974327027797699 
0.031263064593076706 
0.06190831959247589 
0.06276753544807434 
0.054022807627916336 
0.055108197033405304 
0.05876045674085617 
0.03778969123959541 
0.053840089589357376 
0.06639272719621658 
0.05146733298897743 
0.05382866412401199 
0.08091189712285995 
0.0475364550948143 
0.05756085366010666 
0.029491111636161804 
0.04673467203974724 
0.030434999614953995 
0.029590535908937454 
0.030918598175048828 
0.0465652160346508 
0.04412294551730156 
0.045266956090927124 
0.039989013224840164 
0.051595501601696014 
0.06106933206319809 
0.0706484466791153 
0.07509472966194153 
0.05313323065638542 
0.051694080233573914 
0.08574046194553375 
0.07400629669427872 
0.0754847452044487 
0.0707198977470398 
0.0753852054476738 
0.031562890857458115 
0.0651911273598671 
0.06175469607114792 
0.044051047414541245 
0.03228767588734627 
0.03009027987718582 
0.04355938732624054 
0.02426687441766262 
0.046501196920871735 
0.03636693209409714 
0.04244837909936905 
0.03657560050487518 
0.06417220830917358 
0.020456654950976372 
0.05374709889292717 
0.023940950632095337 
0.04004213213920593 
0.04403645917773247 
0.03466108441352844 
0.024052174761891365 
0.027354704216122627 
0.03470499813556671 
0.0427074134349823 
0.039881858974695206 
0.04967597499489784 
0.04345723241567612 
0.034355416893959045 
0.04721907526254654 
0.0641573816537857 
0.0273701511323452 
0.06829928606748581 
0.062494050711393356 
0.061108000576496124 
0.03790787234902382 
0.02668268233537674 
0.056038931012153625 
0.05010455474257469 
0.060364581644535065 
0.0188444871455431 
0.07001720368862152 
0.033285100013017654 
0.0434810146689415 
0.024029605090618134 
0.034250929951667786 
0.029123814776539803 
0.039584603160619736 
0.050857964903116226 
0.03684788942337036 
0.05478091910481453 
0.03216926380991936 
0.05750809609889984 
0.043671272695064545 
0.05888167396187782 
0.0373077318072319 
0.05098668113350868 
0.027035217732191086 
0.047831397503614426 
0.05382182449102402 
0.05092398822307587 
0.027877116575837135 
0.03508372604846954 
0.025664858520030975 
0.034604884684085846 
0.033983953297138214 
0.02288030833005905 
0.0427975095808506 
0.026758085936307907 
0.03775697946548462 
0.01871204748749733 
0.01797943189740181 
0.03875606879591942 
0.01648634299635887 
0.026578599587082863 
0.0355217345058918 
0.03371325880289078 
0.023660290986299515 
0.03298649936914444 
0.04222998768091202 
0.03175549954175949 
0.030653370544314384 
0.025803983211517334 
0.03421889245510101 
0.029760686680674553 
0.06846922636032104 
0.037268683314323425 
0.04591599106788635 
0.07261984795331955 
0.06060881167650223 
0.040944650769233704 
0.06523444503545761 
0.050223298370838165 
0.050305839627981186 
0.02733774296939373 
0.0468742735683918 
0.038560327142477036 
0.036929212510585785 
0.024709276854991913 
0.036421891301870346 
0.03728123754262924 
0.040169209241867065 
0.048384346067905426 
0.044986918568611145 
0.04902742803096771 
0.03520858287811279 
0.05385053902864456 
0.04400084167718887 
0.0388057604432106 
0.04432617500424385 
0.03493310511112213 
0.027640001848340034 
0.03855377808213234 
0.06570830941200256 
0.03429916873574257 
0.058624330908060074 
0.03664692863821983 
0.051185496151447296 
0.022782661020755768 
0.02674344927072525 
0.03778795897960663 
0.059643715620040894 
0.0500938780605793 
0.030912823975086212 
0.04024064913392067 
0.047805093228816986 
0.04434404522180557 
0.048774734139442444 
0.02587774023413658 
0.027521416544914246 
0.035714298486709595 
0.04264768213033676 
0.027516132220625877 
0.02931400015950203 
0.03527791425585747 
0.030959418043494225 
0.03196147456765175 
0.020014729350805283 
0.024703990668058395 
0.06848032027482986 
0.019446540623903275 
0.02664625644683838 
0.045192986726760864 
0.04504889249801636 
0.02285032346844673 
0.043171949684619904 
0.04517426714301109 
0.034902602434158325 
0.0696348249912262 
0.025506235659122467 
0.04865911602973938 
0.01045413687825203 
0.04675758257508278 
0.03135659545660019 
0.05064767599105835 
0.02468205988407135 
0.032160550355911255 
0.03521009534597397 
0.029848098754882812 
0.03794136643409729 
0.0402446985244751 
0.04130075126886368 
0.028666839003562927 
0.038980476558208466 
0.034347280859947205 
0.02988675981760025 
0.04795745015144348 
0.049332551658153534 
0.02535480260848999 
0.054237909615039825 
0.03675074130296707 
0.04268916696310043 
0.04126211255788803 
0.023943006992340088 
0.050286006182432175 
0.04122725874185562 
0.064143605530262 
0.04088390991091728 
0.03908378258347511 
0.04038793593645096 
0.018904196098446846 
0.03697025030851364 
0.02970212697982788 
0.04784366860985756 
0.03034285269677639 
0.027529198676347733 
0.027908217161893845 
0.029433349147439003 
0.050855305045843124 
0.0341685526072979 
0.05098453164100647 
0.0508679635822773 
0.05506594479084015 
0.035000160336494446 
0.03885465860366821 
0.05630860477685928 
0.03146607428789139 
0.03704231232404709 
0.03685072064399719 
0.036760009825229645 
0.048754628747701645 
0.025604136288166046 
0.04458632320165634 
0.03831213340163231 
0.04644431918859482 
0.05543525144457817 
0.06970363110303879 
0.025479335337877274 
0.03675449267029762 
0.05787516385316849 
0.04756293445825577 
0.05425303056836128 
0.05038997903466225 
0.06442063301801682 
0.03295014053583145 
0.02660546638071537 
0.03654094040393829 
0.03646041452884674 
0.060871683061122894 
0.02803756110370159 
0.029517557471990585 
0.02520919218659401 
0.04368000850081444 
0.013486220501363277 
0.0339302197098732 
0.03829524293541908 
0.057217564433813095 
0.0343083031475544 
0.03348497301340103 
0.05046982318162918 
0.041638851165771484 
0.026532502844929695 
0.051167652010917664 
0.05469184368848801 
0.020784055814146996 
0.04369712248444557 
0.022632718086242676 
0.0801229476928711 
0.032537106424570084 
0.04840005934238434 
0.058105651289224625 
0.08314882218837738 
0.039753518998622894 
0.03692208603024483 
0.038690462708473206 
0.025996539741754532 
0.033542975783348083 
0.04054033011198044 
0.038652338087558746 
0.019753076136112213 
0.029039155691862106 
0.02650413289666176 
0.02908456325531006 
0.03518965467810631 
0.041276201605796814 
0.030937202274799347 
0.026973702013492584 
0.026512300595641136 
0.052996210753917694 
0.014660058543086052 
0.05279954522848129 
0.04305214434862137 
0.04114927724003792 
0.06300006806850433 
0.050788238644599915 
0.03638651967048645 
0.0309519711881876 
0.04390475153923035 
0.02915002964437008 
0.05394095182418823 
0.045880310237407684 
0.0352570004761219 
0.02190098538994789 
0.03060140274465084 
0.06349126994609833 
0.04547588527202606 
0.030786385759711266 
0.04280088096857071 
0.024169350042939186 
0.028561845421791077 
0.03902386501431465 
0.04552315175533295 
0.04127264767885208 
0.03608773276209831 
0.04939412325620651 
0.03833548724651337 
0.025921007618308067 
0.059709176421165466 
0.05985848233103752 
0.06696860492229462 
0.04348251596093178 
0.04770312085747719 
0.03244201838970184 
0.020924458280205727 
0.02872946485877037 
0.04210913926362991 
0.03817082196474075 
0.05619889497756958 
0.06178048253059387 
0.03232181817293167 
0.040332287549972534 
0.01974884606897831 
0.026497650891542435 
0.04110394045710564 
0.07733552902936935 
0.025274023413658142 
0.023303771391510963 
0.026052871719002724 
0.04525596648454666 
0.03018195927143097 
0.048980191349983215 
0.025645270943641663 
0.02205272950232029 
0.03814999759197235 
0.04730866104364395 
0.041238270699977875 
0.02833922952413559 
0.03272128850221634 
0.021304618567228317 
0.029261644929647446 
0.02791573479771614 
0.04135832190513611 
0.025755075737833977 
0.029697924852371216 
0.028064049780368805 
0.034330885857343674 
0.03026703931391239 
0.03082413226366043 
0.03542204946279526 
0.03200307860970497 
0.03805215656757355 
0.017043791711330414 
0.031045230105519295 
0.04204387217760086 
0.04112338647246361 
0.03165099397301674 
0.03648040071129799 
0.024890365079045296 
0.016768459230661392 
0.0659392923116684 
0.028931528329849243 
0.04345894604921341 
0.03722110763192177 
0.028018739074468613 
0.035162173211574554 
0.03030487895011902 
0.0438070185482502 
0.03429458290338516 
0.027239739894866943 
0.021410485729575157 
0.043999381363391876 
0.03565148636698723 
0.054073482751846313 
0.04692704975605011 
0.03630123659968376 
0.03659044951200485 
0.05674215406179428 
0.022525925189256668 
0.032464515417814255 
0.041287533938884735 
0.02451416850090027 
0.03622197359800339 
0.036395762115716934 
0.040614206343889236 
0.021347258239984512 
0.033970799297094345 
0.02578865922987461 
0.02447281964123249 
0.032767247408628464 
0.03467646613717079 
0.028645846992731094 
0.020712297409772873 
0.020561954006552696 
0.03502709046006203 
0.030246946960687637 
0.052973464131355286 
0.018136633560061455 
0.04608243703842163 
0.022998591884970665 
0.032930511981248856 
0.04096589982509613 
0.02850407361984253 
0.0404917374253273 
0.015086145140230656 
0.039114657789468765 
0.10663320124149323 
0.03153484687209129 
0.04948723316192627 
0.02104078233242035 
0.03976944088935852 
0.036914464086294174 
0.03766246885061264 
0.019644498825073242 
0.05564313754439354 
0.018387049436569214 
0.04592157527804375 
0.02508101984858513 
0.030826514586806297 
0.021966297179460526 
0.030590113252401352 
0.030317215248942375 
0.03164748102426529 
0.01373304147273302 
0.02542504109442234 
0.036449432373046875 
0.03329778462648392 
0.049700550734996796 
0.06552820652723312 
0.019978933036327362 
0.04766690358519554 
0.05820197984576225 
0.08181247860193253 
0.016742490231990814 
0.08913006633520126 
0.030830811709165573 
0.04641183465719223 
0.04544658586382866 
0.023970745503902435 
0.026746070012450218 
0.03579708933830261 
0.03694886714220047 
0.02972842939198017 
0.025353817269206047 
0.021847795695066452 
0.06794222444295883 
0.033433832228183746 
0.021747320890426636 
0.02822171151638031 
0.0180994663387537 
0.04716058075428009 
0.025666456669569016 
0.023068195208907127 
0.01940091699361801 
0.03553321957588196 
0.021176517009735107 
0.03289693593978882 
0.05804309621453285 
0.017542671412229538 
0.03610909357666969 
0.0350971482694149 
0.03684469684958458 
0.024746038019657135 
0.036860398948192596 
0.028635792434215546 
0.034241579473018646 
0.02517574094235897 
0.05445794016122818 
0.037959642708301544 
0.026194807142019272 
0.022542370483279228 
0.024260949343442917 
0.04044618457555771 
0.027983902022242546 
0.035775620490312576 
0.028789348900318146 
0.03717111423611641 
0.024533318355679512 
0.027506712824106216 
0.03809959441423416 
0.03741459921002388 
0.02959211729466915 
0.03943625092506409 
0.029253128916025162 
0.020189762115478516 
0.032026536762714386 
0.04565183445811272 
0.02212582528591156 
0.014224197715520859 
0.04039209336042404 
0.025093231350183487 
0.02634069323539734 
0.053473178297281265 
0.01718996651470661 
0.015491815283894539 
0.029682911932468414 
0.049570582807064056 
0.01652924343943596 
0.020626626908779144 
0.015865910798311234 
0.02522735670208931 
0.025067118927836418 
0.0328010618686676 
0.02789793722331524 
0.030367214232683182 
0.01572059467434883 
0.02700691670179367 
0.027523821219801903 
0.023499011993408203 
0.018810613080859184 
0.030533257871866226 
0.030168786644935608 
0.06267502903938293 
0.024706047028303146 
0.029493888840079308 
0.03779597207903862 
0.018298044800758362 
0.04482407867908478 
0.01959235593676567 
0.025243785232305527 
0.019682269543409348 
0.03682702034711838 
0.03854554146528244 
0.029263915494084358 
0.0570124015212059 
0.03705416992306709 
0.021653641015291214 
0.011049899272620678 
0.0290435329079628 
0.0383206307888031 
0.03085475042462349 
0.028489872813224792 
0.029515182599425316 
0.02512231096625328 
0.04518701881170273 
0.029227497056126595 
0.012971105054020882 
0.04719565436244011 
0.0436808243393898 
0.0256182923913002 
0.04723001644015312 
0.0354473851621151 
0.03783704712986946 
0.0494198277592659 
0.03389919549226761 
0.02314809150993824 
0.013434209860861301 
0.025123996660113335 
0.04715064913034439 
0.034194424748420715 
0.041288990527391434 
0.025575079023838043 
0.02900410257279873 
0.028786316514015198 
0.02521338500082493 
0.03720264136791229 
0.028955303132534027 
0.03749873861670494 
0.04760485514998436 
0.020666372030973434 
0.04562260955572128 
0.025276586413383484 
0.04022126644849777 
0.046742022037506104 
0.025762265548110008 
0.03139156848192215 
0.027218885719776154 
0.05407898500561714 
0.05030972510576248 
0.02447812259197235 
0.03582935407757759 
0.03011040762066841 
0.02981635369360447 
0.025696415454149246 
0.022024599835276604 
0.03482303395867348 
0.019541893154382706 
0.02260570041835308 
0.040197234600782394 
0.04092482104897499 
0.014282183721661568 
0.03891782462596893 
0.015614638105034828 
0.026690760627388954 
0.01987069845199585 
0.023334652185440063 
0.018268870189785957 
0.034117165952920914 
0.024861542508006096 
0.030810056254267693 
0.039155106991529465 
0.0179508775472641 
0.06431838870048523 
0.023247309029102325 
0.04442653805017471 
0.02200273796916008 
0.014020214788615704 
0.044183019548654556 
0.0235843937844038 
0.031160477548837662 
0.05251981317996979 
0.03478148579597473 
0.03251649811863899 
0.045848265290260315 
0.05245593190193176 
0.04212848097085953 
0.02845817059278488 
0.023644015192985535 
0.03169078752398491 
0.017443962395191193 
0.020875439047813416 
0.058126285672187805 
0.025970686227083206 
0.03194602578878403 
0.02981245145201683 
0.020866762846708298 
0.023934826254844666 
0.029030129313468933 
0.029240168631076813 
0.03808841109275818 
0.008862532675266266 
0.023511476814746857 
0.037305332720279694 
0.04993608593940735 
0.023415610194206238 
0.041573695838451385 
0.0246330164372921 
0.021048516035079956 
0.051908209919929504 
0.04223855212330818 
0.04884135350584984 
0.03324764594435692 
0.04878491535782814 
0.028489934280514717 
0.04920447617769241 
0.03248746693134308 
0.027165479958057404 
0.018696552142500877 
0.028682183474302292 
0.04158066213130951 
0.02447906695306301 
0.035313647240400314 
0.03519061580300331 
0.021485542878508568 
0.02718164585530758 
0.03232952207326889 
0.012726649641990662 
0.035091597586870193 
0.016819490119814873 
0.031054187566041946 
0.04057256877422333 
0.03298445791006088 
0.03440764918923378 
0.05157489329576492 
0.03107462450861931 
0.03717707097530365 
0.054092295467853546 
0.04095769673585892 
0.06195385009050369 
0.05541318655014038 
0.028369655832648277 
0.03962232172489166 
0.059928521513938904 
0.020788125693798065 
0.04525815695524216 
0.032014183700084686 
0.026542484760284424 
0.02160000242292881 
0.042554616928100586 
0.03730170801281929 
0.026513807475566864 
0.03535813093185425 
0.03231624513864517 
0.05158820375800133 
0.0371561162173748 
0.028521977365016937 
0.02544768527150154 
0.049779459834098816 
0.03581533953547478 
0.030004531145095825 
0.027896197512745857 
0.03777874633669853 
0.043027427047491074 
0.04363080859184265 
0.027948353439569473 
0.02570682018995285 
0.03524531051516533 
0.049413375556468964 
0.027559693902730942 
0.0621965192258358 
0.03265337646007538 
0.052910178899765015 
0.03126585856080055 
0.01827339269220829 
0.03838161751627922 
0.017180366441607475 
0.032792411744594574 
0.038227811455726624 
0.0335080623626709 
0.036067042499780655 
0.022492194548249245 
0.029276153072714806 
0.05169343575835228 
0.023001909255981445 
0.02199912816286087 
0.01816306635737419 
0.07035671919584274 
0.04412418603897095 
0.014566480182111263 
0.03303151577711105 
0.05267670750617981 
0.02982480823993683 
0.06684600561857224 
0.056097887456417084 
0.020340977236628532 
0.05837218835949898 
0.044073835015296936 
0.020745782181620598 
0.046002790331840515 
0.021387428045272827 
0.07043018937110901 
0.027138449251651764 
0.06042297184467316 
0.0724027082324028 
0.04365498200058937 
0.056685540825128555 
0.04321495443582535 
0.0563867911696434 
0.05152272805571556 
0.03820895403623581 
0.05555137246847153 
0.05737113952636719 
0.09660732001066208 
0.036739200353622437 
0.05455012619495392 
0.026116307824850082 
0.03843170776963234 
0.040121372789144516 
0.0323251336812973 
0.05143831670284271 
0.04293597862124443 
0.023955071344971657 
0.04164408892393112 
0.03500525280833244 
0.021622586995363235 
0.048753444105386734 
0.05082925409078598 
0.03934750705957413 
0.04157548397779465 
0.020710721611976624 
0.03255389630794525 
0.05644284933805466 
0.019073257222771645 
0.05274617671966553 
0.034629903733730316 
0.026754939928650856 
0.02955053746700287 
0.048015087842941284 
0.04091547802090645 
0.03304694592952728 
0.03136357665061951 
0.06493855267763138 
0.023468274623155594 
0.031093113124370575 
0.022368822246789932 
0.04775095731019974 
0.02466524951159954 
0.021211009472608566 
0.018102016299962997 
0.04489300772547722 
0.05266036093235016 
0.020180193707346916 
0.019082050770521164 
0.020451325923204422 
0.04177573695778847 
0.04174657166004181 
0.023627931252121925 
0.03547980636358261 
0.03470629081130028 
0.033841583877801895 
0.024656901136040688 
0.044591937214136124 
0.020911697298288345 
0.032572828233242035 
0.044505633413791656 
0.04651276022195816 
0.054564934223890305 
0.03351333364844322 
0.02663736790418625 
0.033112384378910065 
0.02056286484003067 
0.023876000195741653 
0.03906802088022232 
0.015572906471788883 
0.039185769855976105 
0.0331936851143837 
0.027105312794446945 
0.02027435414493084 
0.046744659543037415 
0.020377997308969498 
0.02706003189086914 
0.02607228234410286 
0.027979854494333267 
0.04087481647729874 
0.04398176074028015 
0.01432295236736536 
0.04846394062042236 
0.05155307799577713 
0.03546666353940964 
0.03127450868487358 
0.01967356912791729 
0.03234543651342392 
0.022040270268917084 
0.024126598611474037 
0.04425559192895889 
0.032866597175598145 
0.024207893759012222 
0.016334636136889458 
0.019648045301437378 
0.03874741494655609 
0.04865240678191185 
0.014218916185200214 
0.03273298591375351 
0.02321452647447586 
0.032747577875852585 
0.030720330774784088 
0.03885659575462341 
0.04357055574655533 
0.06294768303632736 
0.03106159344315529 
0.05478028208017349 
0.06580812484025955 
0.028614848852157593 
0.04698575660586357 
0.03731963783502579 
0.027572795748710632 
0.041392795741558075 
0.02742156572639942 
0.03618493676185608 
0.05768904462456703 
0.03772074356675148 
0.037468645721673965 
0.039392195641994476 
0.0292529109865427 
0.03162891045212746 
0.028906330466270447 
0.051802050322294235 
0.03406738489866257 
0.020891893655061722 
0.05291958898305893 
0.02611825056374073 
0.049283355474472046 
0.029322506859898567 
0.05607537925243378 
0.04031212627887726 
0.040182068943977356 
0.039581988006830215 
0.027403337880969048 
0.034310344606637955 
0.017277393490076065 
0.028925444930791855 
0.016950100660324097 
0.04510867968201637 
0.033892035484313965 
0.028213568031787872 
0.03270924091339111 
0.0315827913582325 
0.028867453336715698 
0.05000157654285431 
0.04063849523663521 
0.03843029960989952 
0.04853769391775131 
0.04060462862253189 
0.033474426716566086 
0.024462662637233734 
0.03632168471813202 
0.03206367418169975 
0.023445941507816315 
0.02295008674263954 
0.04020266607403755 
0.015373032540082932 
0.022422583773732185 
0.03147170692682266 
0.053825851529836655 
0.008321789093315601 
0.03890738636255264 
0.022752506658434868 
0.026497764512896538 
0.038496941328048706 
0.04401250183582306 
0.02794935554265976 
0.030617009848356247 
0.0357365645468235 
0.02541748806834221 
0.021291472017765045 
0.026151049882173538 
0.016278738155961037 
0.027469489723443985 
0.01282867044210434 
0.023668654263019562 
0.021496152505278587 
0.033240556716918945 
0.030294684693217278 
0.010159824974834919 
0.019153175875544548 
0.031204581260681152 
0.019261488690972328 
0.0216215867549181 
0.028194598853588104 
0.01033063605427742 
0.023348702117800713 
0.02903265506029129 
0.022300589829683304 
0.01580052450299263 
0.01796846278011799 
0.007674591615796089 
0.009221835993230343 
0.01954564079642296 
0.019465187564492226 
0.02632215805351734 
0.015508082695305347 
0.017388826236128807 
0.03157440572977066 
0.023844346404075623 
0.017229877412319183 
0.03405415639281273 
0.027047529816627502 
0.03645411878824234 
0.025888869538903236 
0.04406418278813362 
0.04262847825884819 
0.029313862323760986 
0.05266890674829483 
0.048490263521671295 
0.038058336824178696 
0.06974735110998154 
0.05823490768671036 
0.03603328764438629 
0.032266803085803986 
0.018672335892915726 
0.045440733432769775 
0.045603349804878235 
0.04776874929666519 
0.030042408034205437 
0.019717363640666008 
0.0829128548502922 
0.038916636258363724 
0.05845954269170761 
0.02169513702392578 
0.04082072153687477 
0.034624453634023666 
0.03174310177564621 
0.03020351007580757 
0.045239679515361786 
0.021775685250759125 
0.023019082844257355 
0.05026997625827789 
0.020414432510733604 
0.030999794602394104 
0.040270477533340454 
0.049001991748809814 
0.0456070601940155 
0.03378388285636902 
0.020636796951293945 
0.04210346192121506 
0.028477612882852554 
0.012893779203295708 
0.056135132908821106 
0.020530328154563904 
0.022784171625971794 
0.021565182134509087 
0.022321101278066635 
0.024063769727945328 
0.014140394516289234 
0.014145066030323505 
0.02064680866897106 
0.017047664150595665 
0.020430615171790123 
0.018558211624622345 
0.0349770113825798 
0.02504950761795044 
0.022989988327026367 
0.02155717834830284 
0.02377242222428322 
0.023780081421136856 
0.020197860896587372 
0.049411192536354065 
0.040270425379276276 
0.02174324169754982 
0.0497514083981514 
0.029370008036494255 
0.02410142309963703 
0.013959560543298721 
0.022110752761363983 
0.0426664799451828 
0.03632231429219246 
0.021697506308555603 
0.02571561560034752 
0.022498466074466705 
0.029980309307575226 
0.036022793501615524 
0.06820898503065109 
0.02557666227221489 
0.04037874937057495 
0.03477923944592476 
0.029795393347740173 
0.04022820293903351 
0.04642297327518463 
0.028902187943458557 
0.07555444538593292 
0.04957161098718643 
0.04029648005962372 
0.04200540855526924 
0.031675007194280624 
0.01998741924762726 
0.023502744734287262 
0.018131861463189125 
0.022688910365104675 
0.016012554988265038 
0.06645870953798294 
0.02852216176688671 
0.028501953929662704 
0.020966297015547752 
0.015546083450317383 
0.01906617358326912 
0.023386776447296143 
0.012600415386259556 
0.026187237352132797 
0.03755607455968857 
0.033102456480264664 
0.04950900748372078 
0.05591072142124176 
0.056112054735422134 
0.03567732125520706 
0.04659822955727577 
0.022434396669268608 
0.06322386115789413 
0.033536575734615326 
0.017386427149176598 
0.046952202916145325 
0.035788003355264664 
0.021142244338989258 
0.024680543690919876 
0.03431648761034012 
0.020402923226356506 
0.03228167071938515 
0.018383320420980453 
0.05369037762284279 
0.033569637686014175 
0.0283818282186985 
0.03674803301692009 
0.02406127192080021 
0.025583330541849136 
0.03102230839431286 
0.032451603561639786 
0.031247688457369804 
0.017024703323841095 
0.02839740179479122 
0.010045107454061508 
0.02706758677959442 
0.03238566964864731 
0.027556294575333595 
0.022430747747421265 
0.01658867485821247 
0.02099594846367836 
0.016881218180060387 
0.024386677891016006 
0.01316319964826107 
0.025973916053771973 
0.026279345154762268 
0.02412525564432144 
0.01522618718445301 
0.03826235607266426 
0.023520732298493385 
0.022304994985461235 
0.020209047943353653 
0.03152615576982498 
0.020527197048068047 
0.03339138254523277 
0.025789771229028702 
0.04880036041140556 
0.014949964359402657 
0.027476366609334946 
0.03558330237865448 
0.034387752413749695 
0.04735659807920456 
0.04314250871539116 
0.009058691561222076 
0.024158503860235214 
0.031480949372053146 
0.02217777818441391 
0.015820879489183426 
0.021327655762434006 
0.014435581862926483 
0.024584276601672173 
0.01934105157852173 
0.015507110394537449 
0.025398366153240204 
0.02353985235095024 
0.043416306376457214 
0.027382025495171547 
0.01792788878083229 
0.017492670565843582 
0.018478741869330406 
0.01449655368924141 
0.020928146317601204 
0.02516281045973301 
0.024181820452213287 
0.011270156130194664 
0.016354858875274658 
0.0341593399643898 
0.02080114744603634 
0.031218089163303375 
0.026837682351469994 
0.03104056417942047 
0.03272276744246483 
0.028497762978076935 
0.0293489471077919 
0.018369406461715698 
0.025011200457811356 
0.01411200687289238 
0.012860158458352089 
0.011549923568964005 
0.013636116869747639 
0.021064724773168564 
0.0213242806494236 
0.010992597788572311 
0.016845693811774254 
0.02546471171081066 
0.029619067907333374 
0.012435787357389927 
0.014541628770530224 
0.039892058819532394 
0.044645749032497406 
0.003037826158106327 
0.042527712881565094 
0.06387084722518921 
0.02435612492263317 
0.038926269859075546 
0.034080635756254196 
0.02977593056857586 
0.04403482377529144 
0.020951993763446808 
0.01768912747502327 
0.02429463341832161 
0.052402228116989136 
0.027507249265909195 
0.012212466448545456 
0.02446829527616501 
0.01605004258453846 
0.030422687530517578 
0.030090849846601486 
0.024064356461167336 
0.04929129034280777 
0.03219670429825783 
0.025544580072164536 
0.031140057370066643 
0.028820184990763664 
0.02403385192155838 
0.03758392855525017 
0.04319220781326294 
0.02074739895761013 
0.0284345094114542 
0.016811564564704895 
0.016078438609838486 
0.021874327212572098 
0.030891787260770798 
0.030490156263113022 
0.02220718376338482 
0.021315567195415497 
0.010099573992192745 
0.01981782540678978 
0.01903947815299034 
0.014044428244233131 
0.0448991060256958 
0.0098295658826828 
0.03742314130067825 
0.01472576055675745 
0.030771750956773758 
0.03519092872738838 
0.019858695566654205 
0.05323151871562004 
0.024092359468340874 
0.07035800814628601 
0.025479160249233246 
0.02338257059454918 
0.046587228775024414 
0.015050976537168026 
0.02125054970383644 
0.02038293145596981 
0.03171446919441223 
0.026665210723876953 
0.023821907117962837 
0.04170158505439758 
0.01338596735149622 
0.02325315773487091 
0.01823749765753746 
0.03580500930547714 
0.02072352170944214 
0.02796652726829052 
0.043392740190029144 
0.02256876789033413 
0.03622635453939438 
0.03206326812505722 
0.016803544014692307 
0.010226838290691376 
0.0167758297175169 
0.02302997186779976 
0.04665409401059151 
0.019407019019126892 
0.02761591598391533 
0.03384757041931152 
0.023016536608338356 
0.045725904405117035 
0.034273307770490646 
0.0218266099691391 
0.03164798766374588 
0.01424535270780325 
0.03013770654797554 
0.01455011684447527 
0.026248488575220108 
0.02703840658068657 
0.019303448498249054 
0.032393600791692734 
0.018658069893717766 
0.02661498636007309 
0.020843198522925377 
0.019234368577599525 
0.02973734587430954 
0.03576446324586868 
0.028186477720737457 
0.023068362846970558 
0.06993846595287323 
0.051373615860939026 
0.025370480492711067 
0.025872206315398216 
0.032604239881038666 
0.032206982374191284 
0.026310410350561142 
0.03152160346508026 
0.04767535999417305 
0.033667124807834625 
0.04264917969703674 
0.040350306779146194 
0.03557645156979561 
0.03503213822841644 
0.027557365596294403 
0.03711192309856415 
0.017430737614631653 
0.028222987428307533 
0.03299592807888985 
0.03841573745012283 
0.026939982548356056 
0.03121701255440712 
0.040665850043296814 
0.0411384254693985 
0.0253305546939373 
0.04333531856536865 
0.02827870473265648 
0.020051414147019386 
0.030034039169549942 
0.017022553831338882 
0.02500610239803791 
0.03187987208366394 
0.03698258101940155 
0.024815484881401062 
0.028676392510533333 
0.023763108998537064 
0.02211828902363777 
0.029857773333787918 
0.024214670062065125 
0.024190742522478104 
0.015166104771196842 
0.026810375973582268 
0.02751174196600914 
0.027417192235589027 
0.014994770288467407 
0.03806609287858009 
0.03428154066205025 
0.030881691724061966 
0.023852795362472534 
0.02384723536670208 
0.02317015826702118 
0.022955244407057762 
0.023569559678435326 
0.011965627782046795 
0.020689548924565315 
0.025237934663891792 
0.025648219510912895 
0.03053409606218338 
0.018276549875736237 
0.022581489756703377 
0.06660948693752289 
0.03237093240022659 
0.056577712297439575 
0.04535019397735596 
0.04555491730570793 
0.0322377011179924 
0.0520910918712616 
0.035456977784633636 
0.053046733140945435 
0.03616178780794144 
0.039173297584056854 
0.012514015659689903 
0.05455925688147545 
0.04571221023797989 
0.031435467302799225 
0.03880402445793152 
0.056426677852869034 
0.024641506373882294 
0.04237508028745651 
0.02355995774269104 
0.01916249468922615 
0.0322854183614254 
0.04419897496700287 
0.047982748597860336 
0.02662809006869793 
0.035578832030296326 
0.04392724484205246 
0.08999951183795929 
0.051656145602464676 
0.04444490000605583 
0.06465144455432892 
0.047960467636585236 
0.03660349175333977 
0.06465896964073181 
0.01929905265569687 
0.04073750972747803 
0.02903645858168602 
0.013274934142827988 
0.018627889454364777 
0.026178380474448204 
0.014485767111182213 
0.04288370534777641 
0.020183730870485306 
0.02260003238916397 
0.018730297684669495 
0.0249139666557312 
0.02790791168808937 
0.021119186654686928 
0.022126585245132446 
0.03027418628334999 
0.039096903055906296 
0.03205806016921997 
0.024914858862757683 
0.028399955481290817 
0.02859061025083065 
0.042268306016922 
0.02228377014398575 
0.017002081498503685 
0.023091372102499008 
0.05048365145921707 
0.04521145299077034 
0.017731111496686935 
0.01622752845287323 
0.026798425242304802 
0.025053974241018295 
0.032259050756692886 
0.038841504603624344 
0.021086402237415314 
0.023358087986707687 
0.03712267801165581 
0.02523503266274929 
0.017529655247926712 
0.032786596566438675 
0.0552007295191288 
0.04026827588677406 
0.04313094541430473 
0.02823774144053459 
0.03870274871587753 
0.013648731634020805 
0.04753980040550232 
0.020336098968982697 
0.016506941989064217 
0.021203914657235146 
0.025982987135648727 
0.016362780705094337 
0.03705672547221184 
0.030157972127199173 
0.009072357788681984 
0.038337185978889465 
0.014060174115002155 
0.024242401123046875 
0.015107559971511364 
0.012402921915054321 
0.0323597677052021 
0.04277145490050316 
0.02953353151679039 
0.018895504996180534 
0.04044876992702484 
0.007001664489507675 
0.034373193979263306 
0.025007784366607666 
0.02505420707166195 
0.018672317266464233 
0.03374934196472168 
0.029841426759958267 
0.01603741943836212 
0.04630614444613457 
0.04631687328219414 
0.08222124725580215 
0.028822124004364014 
0.05554669350385666 
0.029538871720433235 
0.02952539175748825 
0.052261557430028915 
0.012178665027022362 
0.03758056461811066 
0.05811453238129616 
0.05061166360974312 
0.028523659333586693 
0.042187973856925964 
0.023922685533761978 
0.02576804906129837 
0.02367912046611309 
0.04444466531276703 
0.027006080374121666 
0.03951367363333702 
0.024343270808458328 
0.05651095137000084 
0.025942731648683548 
0.017172563821077347 
0.023351702839136124 
0.02795817330479622 
0.018041592091321945 
0.03674384951591492 
0.019417989999055862 
0.03329656645655632 
0.02300708182156086 
0.03437631577253342 
0.026118751615285873 
0.032242920249700546 
0.018189413473010063 
0.0254815686494112 
0.01091107726097107 
0.03165636956691742 
0.03236968070268631 
0.035882674157619476 
0.0557931587100029 
0.060418181121349335 
0.023969203233718872 
0.020393002778291702 
0.02642706409096718 
0.03063219040632248 
0.033725302666425705 
0.04115031287074089 
0.022885557264089584 
0.03181175887584686 
0.012454995885491371 
0.03531648963689804 
0.03238140791654587 
0.01845291629433632 
0.03485859930515289 
0.04463561624288559 
0.030888060107827187 
0.06785387545824051 
0.04429718479514122 
0.06358496099710464 
0.024253685027360916 
0.036008983850479126 
0.05067313089966774 
0.023608265444636345 
0.026572592556476593 
0.020548658445477486 
0.04160153493285179 
0.043513037264347076 
0.029889842495322227 
0.0368240587413311 
0.04201778024435043 
0.02135944366455078 
0.028692202642560005 
0.03461627662181854 
0.030247952789068222 
0.014458943158388138 
0.021259866654872894 
0.03597160056233406 
0.020309580489993095 
0.022710449993610382 
0.021542638540267944 
0.03121880441904068 
0.026909872889518738 
0.03687378391623497 
0.022428225725889206 
0.012824445962905884 
0.04288104549050331 
0.020810125395655632 
0.009858867153525352 
0.04378024488687515 
0.033197175711393356 
0.02530498430132866 
0.01814650557935238 
0.010529620572924614 
0.017163123935461044 
0.028075164183974266 
0.02459505945444107 
0.062428005039691925 
0.018537765368819237 
0.01357316691428423 
0.031133996322751045 
0.02905772253870964 
0.012122953310608864 
0.02734406664967537 
0.044112566858530045 
0.02283230796456337 
0.03248461335897446 
0.015721090137958527 
0.01682145521044731 
0.01759345456957817 
0.013941649347543716 
0.0387137234210968 
0.03364552557468414 
0.02624482661485672 
0.03149613365530968 
0.033495716750621796 
0.0455947108566761 
0.023735521361231804 
0.033289819955825806 
0.022950056940317154 
0.04514821991324425 
0.014335178770124912 
0.03256799653172493 
0.03861292824149132 
0.02816960960626602 
0.02699240855872631 
0.01241359580308199 
0.017445432022213936 
0.030575767159461975 
0.02852006070315838 
0.028037887066602707 
0.018629668280482292 
0.0213860385119915 
0.04200469329953194 
0.017095409333705902 
0.03006739169359207 
0.020079858601093292 
0.023164553567767143 
0.026747209951281548 
0.02993505261838436 
0.022831624373793602 
0.05352908745408058 
0.04114997014403343 
0.04605909436941147 
0.022721106186509132 
0.0352964922785759 
0.03575342893600464 
0.026676584035158157 
0.033060669898986816 
0.03243815898895264 
0.01340134534984827 
0.02505602315068245 
0.02362940087914467 
0.027650609612464905 
0.036796972155570984 
0.02130143716931343 
0.023849541321396828 
0.04170841723680496 
0.034152235835790634 
0.037501778453588486 
0.01848583109676838 
0.04769095033407211 
0.025311697274446487 
0.021739695221185684 
0.04733451455831528 
0.014576283283531666 
0.02442500740289688 
0.03119070641696453 
0.03737680986523628 
0.02945551835000515 
0.03139594942331314 
0.016134873032569885 
0.018791262060403824 
0.022100254893302917 
0.029420800507068634 
0.02721342444419861 
0.016377374529838562 
0.022206952795386314 
0.020741870626807213 
0.031840212643146515 
0.03407851234078407 
0.046911291778087616 
0.02396458014845848 
0.022160138934850693 
0.014429744333028793 
0.024337051436305046 
0.026646777987480164 
0.028404153883457184 
0.04686776176095009 
0.030788863077759743 
0.02521365135908127 
0.04636257514357567 
0.02671905979514122 
0.023741617798805237 
0.02903527393937111 
0.02437763661146164 
0.04372851178050041 
0.028432710096240044 
0.008641982451081276 
0.02270367741584778 
0.029022270813584328 
0.017836978659033775 
0.01504106167703867 
0.037320658564567566 
0.014096857979893684 
0.028338763862848282 
0.01992778852581978 
0.03527255356311798 
0.026773223653435707 
0.04257531836628914 
0.019196487963199615 
0.02417696826159954 
0.023807868361473083 
0.016180332750082016 
0.021917633712291718 
0.02920621819794178 
0.03609965369105339 
0.025500407442450523 
0.05438060685992241 
0.055831339210271835 
0.03164622560143471 
0.041994959115982056 
0.035592034459114075 
0.020748436450958252 
0.05154980719089508 
0.022105365991592407 
0.04113372042775154 
0.03700071945786476 
0.01787165179848671 
0.019319944083690643 
0.03314608335494995 
0.014609670266509056 
0.019041484221816063 
0.028821567073464394 
0.01611066609621048 
0.014879499562084675 
0.03751923143863678 
0.04443958401679993 
0.02552558109164238 
0.05281761661171913 
0.06812438368797302 
0.04005658999085426 
0.035204581916332245 
0.017787430435419083 
0.037678707391023636 
0.06715000420808792 
0.02832052856683731 
0.020986277610063553 
0.016928454861044884 
0.0333707258105278 
0.0231767650693655 
0.026845715939998627 
0.041140876710414886 
0.036301400512456894 
0.04373770207166672 
0.017838096246123314 
0.02459041215479374 
0.03669195622205734 
0.017902057617902756 
0.010509790852665901 
0.01571773551404476 
0.025858089327812195 
0.034001950174570084 
0.031156674027442932 
0.013636711053550243 
0.02302011474967003 
0.025840813294053078 
0.020670495927333832 
0.03406715765595436 
0.02793303318321705 
0.020107420161366463 
0.037470605224370956 
0.0573362372815609 
0.032602086663246155 
0.0331331267952919 
0.05531555414199829 
0.02871382050216198 
0.035810500383377075 
0.01211521215736866 
0.03667067736387253 
0.0515170581638813 
0.01129157841205597 
0.01461375318467617 
0.017578117549419403 
0.035149212926626205 
0.03525956720113754 
0.01916540041565895 
0.04874942824244499 
0.027506889775395393 
0.02277236245572567 
0.038214340806007385 
0.0556807778775692 
0.03329546004533768 
0.04654749482870102 
0.017397304996848106 
0.021777598187327385 
0.016806991770863533 
0.008408886380493641 
0.025793205946683884 
0.028322309255599976 
0.03231249377131462 
0.029123637825250626 
0.03340991586446762 
0.03942367434501648 
0.0425691157579422 
0.01755412295460701 
0.03977752476930618 
0.057939738035202026 
0.029807817190885544 
0.03827081620693207 
0.0832616314291954 
0.039999932050704956 
0.023106269538402557 
0.02573685348033905 
0.055603500455617905 
0.019687024876475334 
0.03799303621053696 
0.03729509562253952 
0.01568332500755787 
0.024113520979881287 
0.034778546541929245 
0.03136594220995903 
0.02536674588918686 
0.02898837812244892 
0.03629623353481293 
0.024371149018406868 
0.01638680323958397 
0.02360985428094864 
0.038370952010154724 
0.03990841656923294 
0.02343526855111122 
0.018277738243341446 
0.01895005628466606 
0.02088654227554798 
0.009983716532588005 
0.03128817304968834 
0.029246507212519646 
0.016782205551862717 
0.013253976590931416 
0.0128483846783638 
0.024403035640716553 
0.008949968963861465 
0.023620538413524628 
0.017967134714126587 
0.03373140096664429 
0.032282859086990356 
0.037963446229696274 
0.025294229388237 
0.0407085046172142 
0.0371798574924469 
0.023194486275315285 
0.03893468901515007 
0.03945677727460861 
0.035836510360240936 
0.03720296919345856 
0.04351450875401497 
0.01794237457215786 
0.054318081587553024 
0.017287936061620712 
0.04588598012924194 
0.02626665122807026 
0.037290897220373154 
0.015487093478441238 
0.02939898893237114 
0.01476922444999218 
0.014499926939606667 
0.016856634989380836 
0.01631033793091774 
0.0224484633654356 
0.030302274972200394 
0.01990870013833046 
0.03039959818124771 
0.022705020383000374 
0.033392805606126785 
0.014138425700366497 
0.024496469646692276 
0.03702107444405556 
0.027842096984386444 
0.027277231216430664 
0.021867958828806877 
0.035850830376148224 
0.007884467020630836 
0.03197032958269119 
0.03163991495966911 
0.047279875725507736 
0.031475380063056946 
0.03234926238656044 
0.023599252104759216 
0.008843169547617435 
0.013016575016081333 
0.04456682130694389 
0.02505752630531788 
0.04232309013605118 
0.010888710618019104 
0.026440585032105446 
0.06306912004947662 
0.03461777791380882 
0.027809465304017067 
0.02704707719385624 
0.04882443696260452 
0.019569532945752144 
0.035783592611551285 
0.09611283242702484 
0.041245099157094955 
0.05228446424007416 
0.02567092701792717 
0.030796147882938385 
0.018137462437152863 
0.026137344539165497 
0.0528525784611702 
0.031274814158678055 
0.03623255342245102 
0.022210506722331047 
0.015822120010852814 
0.05298284441232681 
0.01570795476436615 
0.03889375180006027 
0.04550027847290039 
0.020014688372612 
0.027354173362255096 
0.03467458486557007 
0.013001002371311188 
0.014639188535511494 
0.02391236275434494 
0.030352704226970673 
0.01965874806046486 
0.029554106295108795 
0.0180231761187315 
0.018659215420484543 
0.034676507115364075 
